1720936257.459434
1720936263.789994
1720936270.1099877
1720936276.5590262
1720936282.8126082
1720936289.1222432
1720936295.4470046
1720936301.7193038
1720936308.17545
1720936314.4949975
1720936320.9478898
1720936327.4700515
1720936333.8351197
1720936340.080689
1720936346.4085405
1720936352.7527175
1720936358.9987977
1720936365.244245
1720936371.5827959
1720936377.958015
1720936384.3383946
1720936390.8496523
1720936397.125245
1720936403.403252
1720936409.6931493
1721179282.9289305
1721179289.8471682
1721179304.4692729
1721179435.712807
1721179446.3622644
1721179457.4317977
1721179785.3356013
1721838092.0735517
1721839281.1235578
1721839322.2476118
1721839498.8717878
1721839551.8219838
1721839666.8421326
1721839743.4919071
1721840056.8252196
1721840412.625535
1721840542.3758075
1721840720.5733423
1721840783.7604992
1721840835.1338024
1721840965.7186997
1721841020.2923572
1721841081.8462052
1721841127.7398083
1721841136.4518547
1721841166.226448
1721841268.2168522
1721841300.1937656
1721841327.6536436
1721841384.391259
1721841409.7483056
1721841416.94646
1721841557.7287393
1721841911.8157265
1721841986.354736
1721842156.2502308
1721842181.3264158
1721842240.7195697
1721842275.7022913
1721842327.3169312
1721842408.0130863
1721842434.1006334
1721842476.9504678
1721842505.9779232
1721842540.8609571
1721842555.836297
1721842571.6664128
1721842603.3012357
1721842883.442081
1721842998.552796
1721843015.9427316
1721843089.3251567
1721843217.364703
1721843244.520466
1721843309.6517742
1721843326.8857758
1722837604.785045
1722837655.6135137
1722837685.2184067
1722837700.2291007
1722837740.7279115
1722837769.6741915
1722838223.7612526
1722838419.0738711
1722838429.3192363
1722838472.4583354
1722838478.2067466
1722838631.9131565
1722838664.7774615
1722838757.2697434
1722838762.5357592
1722838939.7032392
1722838944.833838
1722838956.7692878
1722838962.5952947
1722838966.3376055
1722838977.9815564
1722838996.0492766
1722839000.9569488
