1720936252.0141463
1720936258.5934968
1720936264.8972013
1720936271.342291
1720936277.60256
1720936283.9225612
1720936290.2063847
1720936296.5088637
1720936302.9661298
1720936309.248327
1720936315.513354
1720936322.2643595
1720936328.505971
1720936334.869259
1720936341.097687
1720936347.5304203
1720936353.8091419
1720936360.018525
1720936366.2707336
1720936372.7440367
1720936379.0266032
1720936385.6481972
1720936391.8937528
1720936398.1867788
1720936404.480073
1721179280.8436217
1721179287.7843602
1721179299.3900816
1721179430.618083
1721179441.2640386
1721179452.327914
1721179780.227624
1721838086.7010915
1721839275.9798934
1721839317.06732
1721839496.6752868
1721839549.7011242
1721839664.7267168
1721839741.3594882
1721840054.7180321
1721840410.500594
1721840540.2938712
1721840718.4629836
1721840781.657415
1721840832.9900334
1721840963.6139462
1721841018.1412458
1721841079.7263796
1721841125.6299028
1721841134.3175967
1721841164.1027746
1721841266.0680282
1721841298.072615
1721841325.572779
1721841382.258656
1721841407.6613123
1721841414.8613067
1721841555.5543652
1721841909.7041833
1721841984.248856
1721842154.1629908
1721842179.2459948
1721842238.5984378
1721842273.605799
1721842325.219482
1721842405.913536
1721842431.957634
1721842474.827564
1721842503.8842309
1721842538.6906033
1721842553.7366703
1721842569.5596106
1721842601.172605
1721842881.3454669
1721842996.441807
1721843013.7859895
1721843087.2412872
1721843215.2499304
1721843242.4273362
1721843307.488246
1721843321.739512
1722837599.6052685
1722837650.5328274
1722837680.1435711
1722837695.1423836
1722837735.6436026
1722837764.587338
1722838218.6655152
1722838413.978099
1722838428.2450256
1722838471.343055
1722838477.0973907
1722838630.790358
1722838663.643734
1722838756.143355
1722838761.4188116
1722838938.702326
1722838943.8326426
1722838955.6491747
1722838961.48844
1722838965.2308638
1722838976.9801276
1722838995.0480375
1722838999.9562175
