1720757150.4592042
1720757156.624757
1720757192.428629
1720757198.575567
1720757204.8375506
1720757211.0114567
1720757217.1952775
1720757223.3247159
1720757229.442007
1720757235.6552403
1720757241.8693528
1720757248.0005825
1720757276.3691022
1720757282.4418347
1720757288.5802717
1720757294.6358876
1720757300.865191
1720757307.0575833
1720757313.2203946
1720757319.3634799
1720757325.538265
1720757331.741179
1720757648.9480379
1720757655.2638385
1720757661.4289434
1720757667.5946543
1720757673.7373266
1720757679.8703008
1720757686.1033309
1720757692.4367511
1720757698.5757396
1720757704.7034175
1720757710.853946
1720757717.0405622
1720757723.2115283
1720757729.3711755
1720757735.4905303
1720757741.6752932
1720757747.81343
1720757753.9663603
