1720757155.5392754
1720757161.701184
1720757197.5033672
1720757203.6466544
1720757209.913675
1720757216.0937302
1720757222.282577
1720757228.4020383
1720757234.5147057
1720757240.7306755
1720757246.9473536
1720757253.0849361
1720757281.446329
1720757287.5152364
1720757293.655343
1720757299.7022994
1720757305.9359183
1720757312.128223
1720757318.2885964
1720757324.4382522
1720757330.6149044
1720757336.814265
1720757654.0227609
1720757660.3470366
1720757666.5085657
1720757672.6731963
1720757678.8081045
1720757684.9393227
1720757691.174012
1720757697.5158076
1720757703.64188
1720757709.7740908
1720757715.9295692
1720757722.1198952
1720757728.2854977
1720757734.4525833
1720757740.561697
1720757746.7520406
1720757752.8970652
1720757759.052384
