1720757155.6815603
1720757161.8546162
1720757197.6271222
1720757203.7956092
1720757210.0510123
1720757216.2336838
1720757222.3966377
1720757228.5268176
1720757234.6422977
1720757240.8523743
1720757247.0732365
1720757253.2075026
1720757281.5769086
1720757287.649131
1720757293.7177885
1720757299.8549988
1720757306.091419
1720757312.2922797
1720757318.4271846
1720757324.5924563
1720757330.7477095
1720757336.963987
1720757654.1478243
1720757660.495568
1720757666.6436238
1720757672.7953398
1720757678.9454126
1720757685.0784388
1720757691.3209078
1720757697.6356652
1720757703.7808354
1720757709.9113133
1720757716.0560522
1720757722.2680225
1720757728.4324844
1720757734.5667696
1720757740.7083628
1720757746.905669
1720757753.0358636
1720757759.2018828
