1720757155.5382771
1720757161.7001848
1720757197.5033672
1720757203.6454787
1720757209.9127328
1720757216.0917273
1720757222.2815719
1720757228.4010775
1720757234.5137053
1720757240.7296736
1720757246.946724
1720757253.0849361
1720757281.4453287
1720757287.5152364
1720757293.655343
1720757299.7013001
1720757305.9345827
1720757312.127221
1720757318.2880917
1720757324.437251
1720757330.6138878
1720757336.813264
1720757654.0217526
1720757660.3456843
1720757666.5075676
1720757672.6722689
1720757678.807105
1720757684.9393227
1720757691.174012
1720757697.5144234
1720757703.64188
1720757709.7731872
1720757715.9295692
1720757722.1198952
1720757728.2844977
1720757734.4515815
1720757740.5606902
1720757746.7510426
1720757752.896075
1720757759.0513854
