1720757150.4601972
1720757156.6260376
1720757192.428629
1720757198.576568
1720757204.8385508
1720757211.013464
1720757217.196487
1720757223.3257387
1720757229.4429204
1720757235.6571968
1720757241.8703556
1720757248.001626
1720757276.3700275
1720757282.4438565
1720757288.5812209
1720757294.6368873
1720757300.8661976
1720757307.0591037
1720757313.2215216
1720757319.3644795
1720757325.539264
1720757331.7421794
1720757648.9489243
1720757655.2650888
1720757661.4299476
1720757667.5962186
1720757673.738253
1720757679.8712976
1720757686.1043022
1720757692.4377403
1720757698.5770452
1720757704.7044597
1720757710.8553076
1720757717.0426652
1720757723.212528
1720757729.3721745
1720757735.492711
1720757741.6772833
1720757747.81443
1720757753.9663603
